20FORT=0TO511*8:READA
24VPOKE1,$F000+T,A:NEXTT


30 VPOKE $F, 1, 64
40 VPOKE $F, 2, 64
50 VPOKE $F, 3, $03
60 VPOKE $F, 4, 144
70 VPOKE $F, 5, 96+144
85 VPOKE $F, 6, 48
90 VPOKE $F, 7, 112+48
95 VPOKE $F, 8, %00100100

10POKE 646, $16:PRINT CHR$(147)

110PRINT"**** CBM BASIC V2 ****"
120PRINT""
130PRINT"38655 BYTES FREE"
140NEW

1000 DATA 28,34,74,86,76,32,30,0
1010 DATA 24,36,66,126,66,66,66,0
1020 DATA 124,34,34,60,34,34,124,0
1030 DATA 28,34,64,64,64,34,28,0
1040 DATA 120,36,34,34,34,36,120,0
1050 DATA 126,64,64,120,64,64,126,0
1060 DATA 126,64,64,120,64,64,64,0
1070 DATA 28,34,64,78,66,34,28,0
1080 DATA 66,66,66,126,66,66,66,0
1090 DATA 28,8,8,8,8,8,28,0
1100 DATA 14,4,4,4,4,68,56,0
1110 DATA 66,68,72,112,72,68,66,0
1120 DATA 64,64,64,64,64,64,126,0
1130 DATA 66,102,90,90,66,66,66,0
1140 DATA 66,98,82,74,70,66,66,0
1150 DATA 24,36,66,66,66,36,24,0
1160 DATA 124,66,66,124,64,64,64,0
1170 DATA 24,36,66,66,74,36,26,0
1180 DATA 124,66,66,124,72,68,66,0
1190 DATA 60,66,64,60,2,66,60,0
1200 DATA 62,8,8,8,8,8,8,0
1210 DATA 66,66,66,66,66,66,60,0
1220 DATA 66,66,66,36,36,24,24,0
1230 DATA 66,66,66,90,90,102,66,0
1240 DATA 66,66,36,24,36,66,66,0
1250 DATA 34,34,34,28,8,8,8,0
1260 DATA 126,2,4,24,32,64,126,0
1270 DATA 60,32,32,32,32,32,60,0
1280 DATA 12,16,16,60,16,112,110,0
1290 DATA 60,4,4,4,4,4,60,0
1300 DATA 0,8,28,42,8,8,8,8
1310 DATA 0,0,16,32,127,32,16,0
1320 DATA 0,0,0,0,0,0,0,0
1330 DATA 8,8,8,8,0,0,8,0
1340 DATA 36,36,36,0,0,0,0,0
1350 DATA 36,36,126,36,126,36,36,0
1360 DATA 8,30,40,28,10,60,8,0
1370 DATA 0,98,100,8,16,38,70,0
1380 DATA 48,72,72,48,74,68,58,0
1390 DATA 4,8,16,0,0,0,0,0
1400 DATA 4,8,16,16,16,8,4,0
1410 DATA 32,16,8,8,8,16,32,0
1420 DATA 8,42,28,62,28,42,8,0
1430 DATA 0,8,8,62,8,8,0,0
1440 DATA 0,0,0,0,0,8,8,16
1450 DATA 0,0,0,126,0,0,0,0
1460 DATA 0,0,0,0,0,24,24,0
1470 DATA 0,2,4,8,16,32,64,0
1480 DATA 60,66,70,90,98,66,60,0
1490 DATA 8,24,40,8,8,8,62,0
1500 DATA 60,66,2,12,48,64,126,0
1510 DATA 60,66,2,28,2,66,60,0
1520 DATA 4,12,20,36,126,4,4,0
1530 DATA 126,64,120,4,2,68,56,0
1540 DATA 28,32,64,124,66,66,60,0
1550 DATA 126,66,4,8,16,16,16,0
1560 DATA 60,66,66,60,66,66,60,0
1570 DATA 60,66,66,62,2,4,56,0
1580 DATA 0,0,8,0,0,8,0,0
1590 DATA 0,0,8,0,0,8,8,16
1600 DATA 14,24,48,96,48,24,14,0
1610 DATA 0,0,126,0,126,0,0,0
1620 DATA 112,24,12,6,12,24,112,0
1630 DATA 60,66,2,12,16,0,16,0
1640 DATA 0,0,0,0,255,0,0,0
1650 DATA 8,28,62,127,127,28,62,0
1660 DATA 16,16,16,16,16,16,16,16
1670 DATA 0,0,0,255,0,0,0,0
1680 DATA 0,0,255,0,0,0,0,0
1690 DATA 0,255,0,0,0,0,0,0
1700 DATA 0,0,0,0,0,255,0,0
1710 DATA 32,32,32,32,32,32,32,32
1720 DATA 4,4,4,4,4,4,4,4
1730 DATA 0,0,0,0,224,16,8,8
1740 DATA 8,8,8,4,3,0,0,0
1750 DATA 8,8,8,16,224,0,0,0
1760 DATA 128,128,128,128,128,128,128,255
1770 DATA 128,64,32,16,8,4,2,1
1780 DATA 1,2,4,8,16,32,64,128
1790 DATA 255,128,128,128,128,128,128,128
1800 DATA 255,1,1,1,1,1,1,1
1810 DATA 0,60,126,126,126,126,60,0
1820 DATA 0,0,0,0,0,0,255,0
1830 DATA 54,127,127,127,62,28,8,0
1840 DATA 64,64,64,64,64,64,64,64
1850 DATA 0,0,0,0,3,4,8,8
1860 DATA 129,66,36,24,24,36,66,129
1870 DATA 0,60,66,66,66,66,60,0
1880 DATA 8,28,42,119,42,8,8,0
1890 DATA 2,2,2,2,2,2,2,2
1900 DATA 8,28,62,127,62,28,8,0
1910 DATA 8,8,8,8,255,8,8,8
1920 DATA 160,80,160,80,160,80,160,80
1930 DATA 8,8,8,8,8,8,8,8
1940 DATA 0,0,1,62,84,20,20,0
1950 DATA 255,127,63,31,15,7,3,1
1960 DATA 0,0,0,0,0,0,0,0
1970 DATA 240,240,240,240,240,240,240,240
1980 DATA 0,0,0,0,255,255,255,255
1990 DATA 255,0,0,0,0,0,0,0
2000 DATA 0,0,0,0,0,0,0,255
2010 DATA 128,128,128,128,128,128,128,128
2020 DATA 170,85,170,85,170,85,170,85
2030 DATA 1,1,1,1,1,1,1,1
2040 DATA 0,0,0,0,170,85,170,85
2050 DATA 255,254,252,248,240,224,192,128
2060 DATA 3,3,3,3,3,3,3,3
2070 DATA 8,8,8,8,15,8,8,8
2080 DATA 0,0,0,0,15,15,15,15
2090 DATA 8,8,8,8,15,0,0,0
2100 DATA 0,0,0,0,248,8,8,8
2110 DATA 0,0,0,0,0,0,255,255
2120 DATA 0,0,0,0,15,8,8,8
2130 DATA 8,8,8,8,255,0,0,0
2140 DATA 0,0,0,0,255,8,8,8
2150 DATA 8,8,8,8,248,8,8,8
2160 DATA 192,192,192,192,192,192,192,192
2170 DATA 224,224,224,224,224,224,224,224
2180 DATA 7,7,7,7,7,7,7,7
2190 DATA 255,255,0,0,0,0,0,0
2200 DATA 255,255,255,0,0,0,0,0
2210 DATA 0,0,0,0,0,255,255,255
2220 DATA 1,1,1,1,1,1,1,255
2230 DATA 0,0,0,0,240,240,240,240
2240 DATA 15,15,15,15,0,0,0,0
2250 DATA 8,8,8,8,248,0,0,0
2260 DATA 240,240,240,240,0,0,0,0
2270 DATA 240,240,240,240,15,15,15,15
2280 DATA 227,221,181,169,179,223,225,255
2290 DATA 231,219,189,129,189,189,189,255
2300 DATA 131,221,221,195,221,221,131,255
2310 DATA 227,221,191,191,191,221,227,255
2320 DATA 135,219,221,221,221,219,135,255
2330 DATA 129,191,191,135,191,191,129,255
2340 DATA 129,191,191,135,191,191,191,255
2350 DATA 227,221,191,177,189,221,227,255
2360 DATA 189,189,189,129,189,189,189,255
2370 DATA 227,247,247,247,247,247,227,255
2380 DATA 241,251,251,251,251,187,199,255
2390 DATA 189,187,183,143,183,187,189,255
2400 DATA 191,191,191,191,191,191,129,255
2410 DATA 189,153,165,165,189,189,189,255
2420 DATA 189,157,173,181,185,189,189,255
2430 DATA 231,219,189,189,189,219,231,255
2440 DATA 131,189,189,131,191,191,191,255
2450 DATA 231,219,189,189,181,219,229,255
2460 DATA 131,189,189,131,183,187,189,255
2470 DATA 195,189,191,195,253,189,195,255
2480 DATA 193,247,247,247,247,247,247,255
2490 DATA 189,189,189,189,189,189,195,255
2500 DATA 189,189,189,219,219,231,231,255
2510 DATA 189,189,189,165,165,153,189,255
2520 DATA 189,189,219,231,219,189,189,255
2530 DATA 221,221,221,227,247,247,247,255
2540 DATA 129,253,251,231,223,191,129,255
2550 DATA 195,223,223,223,223,223,195,255
2560 DATA 243,239,239,195,239,143,145,255
2570 DATA 195,251,251,251,251,251,195,255
2580 DATA 255,247,227,213,247,247,247,247
2590 DATA 255,255,239,223,128,223,239,255
2600 DATA 255,255,255,255,255,255,255,255
2610 DATA 247,247,247,247,255,255,247,255
2620 DATA 219,219,219,255,255,255,255,255
2630 DATA 219,219,129,219,129,219,219,255
2640 DATA 247,225,215,227,245,195,247,255
2650 DATA 255,157,155,247,239,217,185,255
2660 DATA 207,183,183,207,181,187,197,255
2670 DATA 251,247,239,255,255,255,255,255
2680 DATA 251,247,239,239,239,247,251,255
2690 DATA 223,239,247,247,247,239,223,255
2700 DATA 247,213,227,193,227,213,247,255
2710 DATA 255,247,247,193,247,247,255,255
2720 DATA 255,255,255,255,255,247,247,239
2730 DATA 255,255,255,129,255,255,255,255
2740 DATA 255,255,255,255,255,231,231,255
2750 DATA 255,253,251,247,239,223,191,255
2760 DATA 195,189,185,165,157,189,195,255
2770 DATA 247,231,215,247,247,247,193,255
2780 DATA 195,189,253,243,207,191,129,255
2790 DATA 195,189,253,227,253,189,195,255
2800 DATA 251,243,235,219,129,251,251,255
2810 DATA 129,191,135,251,253,187,199,255
2820 DATA 227,223,191,131,189,189,195,255
2830 DATA 129,189,251,247,239,239,239,255
2840 DATA 195,189,189,195,189,189,195,255
2850 DATA 195,189,189,193,253,251,199,255
2860 DATA 255,255,247,255,255,247,255,255
2870 DATA 255,255,247,255,255,247,247,239
2880 DATA 241,231,207,159,207,231,241,255
2890 DATA 255,255,129,255,129,255,255,255
2900 DATA 143,231,243,249,243,231,143,255
2910 DATA 195,189,253,243,239,255,239,255
2920 DATA 255,255,255,255,0,255,255,255
2930 DATA 247,227,193,128,128,227,193,255
2940 DATA 239,239,239,239,239,239,239,239
2950 DATA 255,255,255,0,255,255,255,255
2960 DATA 255,255,0,255,255,255,255,255
2970 DATA 255,0,255,255,255,255,255,255
2980 DATA 255,255,255,255,255,0,255,255
2990 DATA 223,223,223,223,223,223,223,223
3000 DATA 251,251,251,251,251,251,251,251
3010 DATA 255,255,255,255,31,239,247,247
3020 DATA 247,247,247,251,252,255,255,255
3030 DATA 247,247,247,239,31,255,255,255
3040 DATA 127,127,127,127,127,127,127,0
3050 DATA 127,191,223,239,247,251,253,254
3060 DATA 254,253,251,247,239,223,191,127
3070 DATA 0,127,127,127,127,127,127,127
3080 DATA 0,254,254,254,254,254,254,254
3090 DATA 255,195,129,129,129,129,195,255
3100 DATA 255,255,255,255,255,255,0,255
3110 DATA 201,128,128,128,193,227,247,255
3120 DATA 191,191,191,191,191,191,191,191
3130 DATA 255,255,255,255,252,251,247,247
3140 DATA 126,189,219,231,231,219,189,126
3150 DATA 255,195,189,189,189,189,195,255
3160 DATA 247,227,213,136,213,247,247,255
3170 DATA 253,253,253,253,253,253,253,253
3180 DATA 247,227,193,128,193,227,247,255
3190 DATA 247,247,247,247,0,247,247,247
3200 DATA 95,175,95,175,95,175,95,175
3210 DATA 247,247,247,247,247,247,247,247
3220 DATA 255,255,254,193,171,235,235,255
3230 DATA 0,128,192,224,240,248,252,254
3240 DATA 255,255,255,255,255,255,255,255
3250 DATA 15,15,15,15,15,15,15,15
3260 DATA 255,255,255,255,0,0,0,0
3270 DATA 0,255,255,255,255,255,255,255
3280 DATA 255,255,255,255,255,255,255,0
3290 DATA 127,127,127,127,127,127,127,127
3300 DATA 85,170,85,170,85,170,85,170
3310 DATA 254,254,254,254,254,254,254,254
3320 DATA 255,255,255,255,85,170,85,170
3330 DATA 0,1,3,7,15,31,63,127
3340 DATA 252,252,252,252,252,252,252,252
3350 DATA 247,247,247,247,240,247,247,247
3360 DATA 255,255,255,255,240,240,240,240
3370 DATA 247,247,247,247,240,255,255,255
3380 DATA 255,255,255,255,7,247,247,247
3390 DATA 255,255,255,255,255,255,0,0
3400 DATA 255,255,255,255,240,247,247,247
3410 DATA 247,247,247,247,0,255,255,255
3420 DATA 255,255,255,255,0,247,247,247
3430 DATA 247,247,247,247,7,247,247,247
3440 DATA 63,63,63,63,63,63,63,63
3450 DATA 31,31,31,31,31,31,31,31
3460 DATA 248,248,248,248,248,248,248,248
3470 DATA 0,0,255,255,255,255,255,255
3480 DATA 0,0,0,255,255,255,255,255
3490 DATA 255,255,255,255,255,0,0,0
3500 DATA 254,254,254,254,254,254,254,0
3510 DATA 255,255,255,255,15,15,15,15
3520 DATA 240,240,240,240,255,255,255,255
3530 DATA 247,247,247,247,7,255,255,255
3540 DATA 15,15,15,15,255,255,255,255
3550 DATA 15,15,15,15,240,240,240,240
3560 DATA 28,34,74,86,76,32,30,0
3570 DATA 0,0,56,4,60,68,58,0
3580 DATA 64,64,92,98,66,98,92,0
3590 DATA 0,0,60,66,64,66,60,0
3600 DATA 2,2,58,70,66,70,58,0
3610 DATA 0,0,60,66,126,64,60,0
3620 DATA 12,18,16,124,16,16,16,0
3630 DATA 0,0,58,70,70,58,2,60
3640 DATA 64,64,92,98,66,66,66,0
3650 DATA 8,0,24,8,8,8,28,0
3660 DATA 4,0,12,4,4,4,68,56
3670 DATA 64,64,68,72,80,104,68,0
3680 DATA 24,8,8,8,8,8,28,0
3690 DATA 0,0,118,73,73,73,73,0
3700 DATA 0,0,92,98,66,66,66,0
3710 DATA 0,0,60,66,66,66,60,0
3720 DATA 0,0,92,98,98,92,64,64
3730 DATA 0,0,58,70,70,58,2,2
3740 DATA 0,0,92,98,64,64,64,0
3750 DATA 0,0,62,64,60,2,124,0
3760 DATA 16,16,124,16,16,18,12,0
3770 DATA 0,0,66,66,66,70,58,0
3780 DATA 0,0,66,66,66,36,24,0
3790 DATA 0,0,65,73,73,73,54,0
3800 DATA 0,0,66,36,24,36,66,0
3810 DATA 0,0,66,66,70,58,2,60
3820 DATA 0,0,126,4,24,32,126,0
3830 DATA 60,32,32,32,32,32,60,0
3840 DATA 12,16,16,60,16,112,110,0
3850 DATA 60,4,4,4,4,4,60,0
3860 DATA 0,8,28,42,8,8,8,8
3870 DATA 0,0,16,32,127,32,16,0
3880 DATA 0,0,0,0,0,0,0,0
3890 DATA 8,8,8,8,0,0,8,0
3900 DATA 36,36,36,0,0,0,0,0
3910 DATA 36,36,126,36,126,36,36,0
3920 DATA 8,30,40,28,10,60,8,0
3930 DATA 0,98,100,8,16,38,70,0
3940 DATA 48,72,72,48,74,68,58,0
3950 DATA 4,8,16,0,0,0,0,0
3960 DATA 4,8,16,16,16,8,4,0
3970 DATA 32,16,8,8,8,16,32,0
3980 DATA 8,42,28,62,28,42,8,0
3990 DATA 0,8,8,62,8,8,0,0
4000 DATA 0,0,0,0,0,8,8,16
4010 DATA 0,0,0,126,0,0,0,0
4020 DATA 0,0,0,0,0,24,24,0
4030 DATA 0,2,4,8,16,32,64,0
4040 DATA 60,66,70,90,98,66,60,0
4050 DATA 8,24,40,8,8,8,62,0
4060 DATA 60,66,2,12,48,64,126,0
4070 DATA 60,66,2,28,2,66,60,0
4080 DATA 4,12,20,36,126,4,4,0
4090 DATA 126,64,120,4,2,68,56,0
4100 DATA 28,32,64,124,66,66,60,0
4110 DATA 126,66,4,8,16,16,16,0
4120 DATA 60,66,66,60,66,66,60,0
4130 DATA 60,66,66,62,2,4,56,0
4140 DATA 0,0,8,0,0,8,0,0
4150 DATA 0,0,8,0,0,8,8,16
4160 DATA 14,24,48,96,48,24,14,0
4170 DATA 0,0,126,0,126,0,0,0
4180 DATA 112,24,12,6,12,24,112,0
4190 DATA 60,66,2,12,16,0,16,0
4200 DATA 0,0,0,0,255,0,0,0
4210 DATA 24,36,66,126,66,66,66,0
4220 DATA 124,34,34,60,34,34,124,0
4230 DATA 28,34,64,64,64,34,28,0
4240 DATA 120,36,34,34,34,36,120,0
4250 DATA 126,64,64,120,64,64,126,0
4260 DATA 126,64,64,120,64,64,64,0
4270 DATA 28,34,64,78,66,34,28,0
4280 DATA 66,66,66,126,66,66,66,0
4290 DATA 28,8,8,8,8,8,28,0
4300 DATA 14,4,4,4,4,68,56,0
4310 DATA 66,68,72,112,72,68,66,0
4320 DATA 64,64,64,64,64,64,126,0
4330 DATA 66,102,90,90,66,66,66,0
4340 DATA 66,98,82,74,70,66,66,0
4350 DATA 24,36,66,66,66,36,24,0
4360 DATA 124,66,66,124,64,64,64,0
4370 DATA 24,36,66,66,74,36,26,0
4380 DATA 124,66,66,124,72,68,66,0
4390 DATA 60,66,64,60,2,66,60,0
4400 DATA 62,8,8,8,8,8,8,0
4410 DATA 66,66,66,66,66,66,60,0
4420 DATA 66,66,66,36,36,24,24,0
4430 DATA 66,66,66,90,90,102,66,0
4440 DATA 66,66,36,24,36,66,66,0
4450 DATA 34,34,34,28,8,8,8,0
4460 DATA 126,2,4,24,32,64,126,0
4470 DATA 8,8,8,8,255,8,8,8
4480 DATA 160,80,160,80,160,80,160,80
4490 DATA 8,8,8,8,8,8,8,8
4500 DATA 204,204,51,51,204,204,51,51
4510 DATA 204,102,51,153,204,102,51,153
4520 DATA 0,0,0,0,0,0,0,0
4530 DATA 240,240,240,240,240,240,240,240
4540 DATA 0,0,0,0,255,255,255,255
4550 DATA 255,0,0,0,0,0,0,0
4560 DATA 0,0,0,0,0,0,0,255
4570 DATA 128,128,128,128,128,128,128,128
4580 DATA 170,85,170,85,170,85,170,85
4590 DATA 1,1,1,1,1,1,1,1
4600 DATA 0,0,0,0,170,85,170,85
4610 DATA 153,51,102,204,153,51,102,204
4620 DATA 3,3,3,3,3,3,3,3
4630 DATA 8,8,8,8,15,8,8,8
4640 DATA 0,0,0,0,15,15,15,15
4650 DATA 8,8,8,8,15,0,0,0
4660 DATA 0,0,0,0,248,8,8,8
4670 DATA 0,0,0,0,0,0,255,255
4680 DATA 0,0,0,0,15,8,8,8
4690 DATA 8,8,8,8,255,0,0,0
4700 DATA 0,0,0,0,255,8,8,8
4710 DATA 8,8,8,8,248,8,8,8
4720 DATA 192,192,192,192,192,192,192,192
4730 DATA 224,224,224,224,224,224,224,224
4740 DATA 7,7,7,7,7,7,7,7
4750 DATA 255,255,0,0,0,0,0,0
4760 DATA 255,255,255,0,0,0,0,0
4770 DATA 0,0,0,0,0,255,255,255
4780 DATA 1,2,68,72,80,96,64,0
4790 DATA 0,0,0,0,240,240,240,240
4800 DATA 15,15,15,15,0,0,0,0
4810 DATA 8,8,8,8,248,0,0,0
4820 DATA 240,240,240,240,0,0,0,0
4830 DATA 240,240,240,240,15,15,15,15
4840 DATA 227,221,181,169,179,223,225,255
4850 DATA 255,255,199,251,195,187,197,255
4860 DATA 191,191,163,157,189,157,163,255
4870 DATA 255,255,195,189,191,189,195,255
4880 DATA 253,253,197,185,189,185,197,255
4890 DATA 255,255,195,189,129,191,195,255
4900 DATA 243,237,239,131,239,239,239,255
4910 DATA 255,255,197,185,185,197,253,195
4920 DATA 191,191,163,157,189,189,189,255
4930 DATA 247,255,231,247,247,247,227,255
4940 DATA 251,255,243,251,251,251,187,199
4950 DATA 191,191,187,183,175,151,187,255
4960 DATA 231,247,247,247,247,247,227,255
4970 DATA 255,255,137,182,182,182,182,255
4980 DATA 255,255,163,157,189,189,189,255
4990 DATA 255,255,195,189,189,189,195,255
5000 DATA 255,255,163,157,157,163,191,191
5010 DATA 255,255,197,185,185,197,253,253
5020 DATA 255,255,163,157,191,191,191,255
5030 DATA 255,255,193,191,195,253,131,255
5040 DATA 239,239,131,239,239,237,243,255
5050 DATA 255,255,189,189,189,185,197,255
5060 DATA 255,255,189,189,189,219,231,255
5070 DATA 255,255,190,182,182,182,201,255
5080 DATA 255,255,189,219,231,219,189,255
5090 DATA 255,255,189,189,185,197,253,195
5100 DATA 255,255,129,251,231,223,129,255
5110 DATA 195,223,223,223,223,223,195,255
5120 DATA 243,239,239,195,239,143,145,255
5130 DATA 195,251,251,251,251,251,195,255
5140 DATA 255,247,227,213,247,247,247,247
5150 DATA 255,255,239,223,128,223,239,255
5160 DATA 255,255,255,255,255,255,255,255
5170 DATA 247,247,247,247,255,255,247,255
5180 DATA 219,219,219,255,255,255,255,255
5190 DATA 219,219,129,219,129,219,219,255
5200 DATA 247,225,215,227,245,195,247,255
5210 DATA 255,157,155,247,239,217,185,255
5220 DATA 207,183,183,207,181,187,197,255
5230 DATA 251,247,239,255,255,255,255,255
5240 DATA 251,247,239,239,239,247,251,255
5250 DATA 223,239,247,247,247,239,223,255
5260 DATA 247,213,227,193,227,213,247,255
5270 DATA 255,247,247,193,247,247,255,255
5280 DATA 255,255,255,255,255,247,247,239
5290 DATA 255,255,255,129,255,255,255,255
5300 DATA 255,255,255,255,255,231,231,255
5310 DATA 255,253,251,247,239,223,191,255
5320 DATA 195,189,185,165,157,189,195,255
5330 DATA 247,231,215,247,247,247,193,255
5340 DATA 195,189,253,243,207,191,129,255
5350 DATA 195,189,253,227,253,189,195,255
5360 DATA 251,243,235,219,129,251,251,255
5370 DATA 129,191,135,251,253,187,199,255
5380 DATA 227,223,191,131,189,189,195,255
5390 DATA 129,189,251,247,239,239,239,255
5400 DATA 195,189,189,195,189,189,195,255
5410 DATA 195,189,189,193,253,251,199,255
5420 DATA 255,255,247,255,255,247,255,255
5430 DATA 255,255,247,255,255,247,247,239
5440 DATA 241,231,207,159,207,231,241,255
5450 DATA 255,255,129,255,129,255,255,255
5460 DATA 143,231,243,249,243,231,143,255
5470 DATA 195,189,253,243,239,255,239,255
5480 DATA 255,255,255,255,0,255,255,255
5490 DATA 231,219,189,129,189,189,189,255
5500 DATA 131,221,221,195,221,221,131,255
5510 DATA 227,221,191,191,191,221,227,255
5520 DATA 135,219,221,221,221,219,135,255
5530 DATA 129,191,191,135,191,191,129,255
5540 DATA 129,191,191,135,191,191,191,255
5550 DATA 227,221,191,177,189,221,227,255
5560 DATA 189,189,189,129,189,189,189,255
5570 DATA 227,247,247,247,247,247,227,255
5580 DATA 241,251,251,251,251,187,199,255
5590 DATA 189,187,183,143,183,187,189,255
5600 DATA 191,191,191,191,191,191,129,255
5610 DATA 189,153,165,165,189,189,189,255
5620 DATA 189,157,173,181,185,189,189,255
5630 DATA 231,219,189,189,189,219,231,255
5640 DATA 131,189,189,131,191,191,191,255
5650 DATA 231,219,189,189,181,219,229,255
5660 DATA 131,189,189,131,183,187,189,255
5670 DATA 195,189,191,195,253,189,195,255
5680 DATA 193,247,247,247,247,247,247,255
5690 DATA 189,189,189,189,189,189,195,255
5700 DATA 189,189,189,219,219,231,231,255
5710 DATA 189,189,189,165,165,153,189,255
5720 DATA 189,189,219,231,219,189,189,255
5730 DATA 221,221,221,227,247,247,247,255
5740 DATA 129,253,251,231,223,191,129,255
5750 DATA 247,247,247,247,0,247,247,247
5760 DATA 95,175,95,175,95,175,95,175
5770 DATA 247,247,247,247,247,247,247,247
5780 DATA 51,51,204,204,51,51,204,204
5790 DATA 51,153,204,102,51,153,204,102
5800 DATA 255,255,255,255,255,255,255,255
5810 DATA 15,15,15,15,15,15,15,15
5820 DATA 255,255,255,255,0,0,0,0
5830 DATA 0,255,255,255,255,255,255,255
5840 DATA 255,255,255,255,255,255,255,0
5850 DATA 127,127,127,127,127,127,127,127
5860 DATA 85,170,85,170,85,170,85,170
5870 DATA 254,254,254,254,254,254,254,254
5880 DATA 255,255,255,255,85,170,85,170
5890 DATA 102,204,153,51,102,204,153,51
5900 DATA 252,252,252,252,252,252,252,252
5910 DATA 247,247,247,247,240,247,247,247
5920 DATA 255,255,255,255,240,240,240,240
5930 DATA 247,247,247,247,240,255,255,255
5940 DATA 255,255,255,255,7,247,247,247
5950 DATA 255,255,255,255,255,255,0,0
5960 DATA 255,255,255,255,240,247,247,247
5970 DATA 247,247,247,247,0,255,255,255
5980 DATA 255,255,255,255,0,247,247,247
5990 DATA 247,247,247,247,7,247,247,247
6000 DATA 63,63,63,63,63,63,63,63
6010 DATA 31,31,31,31,31,31,31,31
6020 DATA 248,248,248,248,248,248,248,248
6030 DATA 0,0,255,255,255,255,255,255
6040 DATA 0,0,0,255,255,255,255,255
6050 DATA 255,255,255,255,255,0,0,0
6060 DATA 254,253,187,183,175,159,191,255
6070 DATA 255,255,255,255,15,15,15,15
6080 DATA 240,240,240,240,255,255,255,255
6090 DATA 247,247,247,247,7,255,255,255
6100 DATA 15,15,15,15,255,255,255,255
6110 DATA 15,15,15,15,240,240,240,240